Neo Lee
A17050803
exp number, max speed (m/s), max acc (m/sˆ2), int KE (J s), travel dist (m)
         1   3.3400133e+01   8.5659617e+00   6.3710999e+05   1.2175989e+03
         2   3.5375753e+01   8.5268220e+00   1.0218838e+06   1.4007849e+03
         3   3.6205040e+01   8.5171991e+00   1.2491785e+06   1.4911453e+03
         4   3.7646468e+01   8.5078538e+00   1.7488854e+06   1.6413862e+03
         5   3.8879649e+01   8.5054426e+00   2.3361048e+06   1.7879980e+03
         6   3.9964793e+01   8.5066513e+00   5.5715916e+05   2.2055901e+02
         7   3.6323610e+01   1.0881769e+01   9.7301189e+05   1.3674191e+03
         8   3.5941136e+01   1.0337001e+01   9.8238327e+05   1.3825792e+03
         9   3.5290119e+01   9.7736006e+00   9.9147572e+05   1.3898828e+03
        10   3.4271379e+01   9.1786900e+00   1.0010814e+06   1.3937952e+03
        11   3.5375753e+01   8.5268220e+00   1.0218838e+06   1.4007849e+03
        12   3.8123099e+01   7.7732627e+00   3.0105251e+05   2.2128578e+02
        13   3.8382117e+01   9.2819438e+00   8.3405927e+05   4.4437121e+02
        14   3.8446325e+01   8.6226987e+00   2.2038868e+06   1.7466001e+03
        15   3.8549172e+01   8.0360805e+00   2.2360883e+06   1.7548282e+03
        16   3.8691938e+01   7.9882338e+00   2.2812231e+06   1.7692110e+03
        17   3.8879649e+01   8.5054426e+00   2.3361048e+06   1.7879980e+03
        18   3.9119560e+01   9.0364252e+00   2.3964844e+06   1.8058769e+03
